> gbmFit
Stochastic Gradient Boosting 

420689 samples
    57 predictor
     2 classes: 'not_exciting', 'exciting' 

No pre-processing
Resampling: Cross-Validated (5 fold) 

Summary of sample sizes: 44864, 44864, 44864, 44864, 44864 

Resampling results across tuning parameters:

  shrinkage  interaction.depth  n.minobsinnode  n.trees  ROC        Sens       Spec       ROC SD       Sens SD       Spec SD     
  0.01       7                  10              2000     0.5807230  0.9200883  0.1303887  0.008200579  0.0024206779  0.0037405886
  0.01       7                  10              2500     0.5836873  0.9204816  0.1303897  0.006592314  0.0023365973  0.0037003145
  0.01       7                  10              3000     0.5875524  0.9208695  0.1300228  0.006554591  0.0022624953  0.0038141252
  0.01       7                  10              3500     0.5893613  0.9212286  0.1300664  0.005895206  0.0021677564  0.0034807874
  0.01       7                  10              4000     0.5901236  0.9213541  0.1299281  0.005878932  0.0020691502  0.0036362673
  0.01       7                  50              2000     0.5811897  0.9203106  0.1299725  0.004980634  0.0022832263  0.0038785397
  0.01       7                  50              2500     0.5854335  0.9208636  0.1299722  0.004566467  0.0022439530  0.0041181113
  0.01       7                  50              3000     0.5874395  0.9211145  0.1297420  0.004837860  0.0021025678  0.0039435817
  0.01       7                  50              3500     0.5887666  0.9214053  0.1293731  0.004875751  0.0020893364  0.0040563465
  0.01       7                  50              4000     0.5897308  0.9213598  0.1299741  0.004373858  0.0021560280  0.0039804396
  0.01       8                  10              2000     0.5759691  0.9204702  0.1295096  0.006133740  0.0021470444  0.0034628866
  0.01       8                  10              2500     0.5821974  0.9208864  0.1296018  0.006175458  0.0022282993  0.0037956990
  0.01       8                  10              3000     0.5848692  0.9211772  0.1293245  0.005196901  0.0021549102  0.0038657058
  0.01       8                  10              3500     0.5862436  0.9214394  0.1295586  0.003983599  0.0020069439  0.0038565207
  0.01       8                  10              4000     0.5887255  0.9214395  0.1296515  0.003300271  0.0021354488  0.0039652488
  0.01       8                  50              2000     0.5793925  0.9202593  0.1300188  0.004010169  0.0021505779  0.0037350190
  0.01       8                  50              2500     0.5828960  0.9207611  0.1296472  0.004889829  0.0021810417  0.0036627801
  0.01       8                  50              3000     0.5859470  0.9210175  0.1296453  0.004794552  0.0020777159  0.0038588044
  0.01       8                  50              3500     0.5887007  0.9212457  0.1297866  0.005100784  0.0022022736  0.0035067565
  0.01       8                  50              4000     0.5898086  0.9215479  0.1295990  0.005486283  0.0021069102  0.0038416587
  0.01       9                  10              2000     0.5811747  0.9205213  0.1298313  0.005299894  0.0021866266  0.0036409050
  0.01       9                  10              2500     0.5849179  0.9207778  0.1299706  0.004530210  0.0020284912  0.0034410418
  0.01       9                  10              3000     0.5865710  0.9210744  0.1295087  0.004585591  0.0022113685  0.0034578568
  0.01       9                  10              3500     0.5888648  0.9213879  0.1297409  0.004883919  0.0021610790  0.0033514132
  0.01       9                  10              4000     0.5909159  0.9213823  0.1297408  0.004452097  0.0020702237  0.0037069251
  0.01       9                  50              2000     0.5799436  0.9204075  0.1301555  0.004053380  0.0026247761  0.0043818245
  0.01       9                  50              2500     0.5824547  0.9209549  0.1301108  0.004977574  0.0024799928  0.0043682926
  0.01       9                  50              3000     0.5851399  0.9213312  0.1296923  0.004125537  0.0024172567  0.0043822898
  0.01       9                  50              3500     0.5878503  0.9215593  0.1295068  0.002490291  0.0023357269  0.0045565293
  0.01       9                  50              4000     0.5888346  0.9214340  0.1295094  0.003819742  0.0022204365  0.0049167763
  0.10       7                  10              2000     0.5899477  0.9214170  0.1286269  0.007961227  0.0020675176  0.0041391121
  0.10       7                  10              2500     0.5904596  0.9208012  0.1282577  0.007682257  0.0019873543  0.0041349957
  0.10       7                  10              3000     0.5916579  0.9209154  0.1281159  0.006147081  0.0015826910  0.0034499978
  0.10       7                  10              3500     0.5912215  0.9206645  0.1280735  0.007673247  0.0013808489  0.0037227769
  0.10       7                  10              4000     0.5924493  0.9202713  0.1277900  0.007197273  0.0015835065  0.0042187578
  0.10       7                  50              2000     0.5926284  0.9208979  0.1267298  0.004290179  0.0018344574  0.0028484557
  0.10       7                  50              2500     0.5939203  0.9208866  0.1262192  0.005592236  0.0012553863  0.0025645091
  0.10       7                  50              3000     0.5938453  0.9209266  0.1255732  0.006178441  0.0014516473  0.0027960794
  0.10       7                  50              3500     0.5957550  0.9207953  0.1271030  0.004975555  0.0013915565  0.0022023604
  0.10       7                  50              4000     0.5964089  0.9204305  0.1264559  0.004536990  0.0010997437  0.0029288816
  0.10       8                  10              2000     0.5892202  0.9201626  0.1289548  0.003901255  0.0017028301  0.0041733166
  0.10       8                  10              2500     0.5923070  0.9202825  0.1288202  0.001079555  0.0016354418  0.0041213717
  0.10       8                  10              3000     0.5923181  0.9197123  0.1280791  0.003304726  0.0017169255  0.0036279146
  0.10       8                  10              3500     0.5927610  0.9195068  0.1282661  0.003659128  0.0012438438  0.0034430139
  0.10       8                  10              4000     0.5940159  0.9192105  0.1286828  0.004070676  0.0015177835  0.0036652996
  0.10       8                  50              2000     0.5918531  0.9207328  0.1275218  0.005194380  0.0015386070  0.0034251068
  0.10       8                  50              2500     0.5942469  0.9209608  0.1279852  0.006736822  0.0014523731  0.0019821911
  0.10       8                  50              3000     0.5942742  0.9208127  0.1272870  0.008197523  0.0017403223  0.0018306926
  0.10       8                  50              3500     0.5950458  0.9207443  0.1275175  0.006478389  0.0011226961  0.0011077179
  0.10       8                  50              4000     0.5949987  0.9204762  0.1273834  0.006272341  0.0008739271  0.0008247087
  0.10       9                  10              2000     0.5931267  0.9197636  0.1289972  0.006038138  0.0018880726  0.0032220683
  0.10       9                  10              2500     0.5941942  0.9199745  0.1281196  0.004945271  0.0019739415  0.0033718913
  0.10       9                  10              3000     0.5949417  0.9197181  0.1278399  0.005641206  0.0020261465  0.0036169610
  0.10       9                  10              3500     0.5958220  0.9194501  0.1273760  0.005928708  0.0017973594  0.0035444277
  0.10       9                  10              4000     0.5963021  0.9193532  0.1277888  0.004941884  0.0018706727  0.0036444358
  0.10       9                  50              2000     0.5891442  0.9207158  0.1270542  0.004712581  0.0016689094  0.0023955934
  0.10       9                  50              2500     0.5884224  0.9204245  0.1269584  0.004158268  0.0015688930  0.0030275940
  0.10       9                  50              3000     0.5907066  0.9200714  0.1270060  0.003327827  0.0014421666  0.0028969853
  0.10       9                  50              3500     0.5916214  0.9201453  0.1266767  0.003609906  0.0015811132  0.0029951519
  0.10       9                  50              4000     0.5924026  0.9198946  0.1270059  0.003831624  0.0017185303  0.0029274011

ROC was used to select the optimal model using  the largest value.
The final values used for the model were n.trees = 4000, interaction.depth = 7, shrinkage = 0.1 and n.minobsinnode = 50. 